"obs.num.ext" "ext.rnd.mean" "ext.rnd.lower" "ext.rnd.upper" "ext.z.value" "ext.p.value" "obs.ext.rank" "rank.mean" "rank.lower" "rank.upper" "rank.z.value" "rank.p.value" "neg.rank.z.value" "sis.score" "f_p"
"1" 3 6 6 6 -3e+05 0.001 2 3.5 3.5 3.5 -150000 0.001 150000 -75000 "1_1"
"2" 9 19.6306306306306 18 20 -18.0362267078101 0.001 5 10.5181311342302 10.3157894736842 10.8891812865497 -49.9023303493548 0.001 49.9023303493548 15.9330518207724 "1_10"
"3" 8 15.9269269269269 15 16 -30.4428947427109 0.001 4.5 8.50550550550551 8.5 8.6 -111.567290485934 0.001 111.567290485934 40.5621978716117 "1_11"
"4" 7 15.6216216216216 14 16 -14.6643120588419 0.001 4 8.50901524234858 8.2 8.86666666666667 -34.2093668438149 0.001 34.2093668438149 9.77252739248652 "1_12"
"5" 6 12.7537537537538 11 14 -6.99847935600267 0.001 4 7.61045789379123 7.0905303030303 8.18181818181818 -12.9978017356255 0.001 12.9978017356255 2.9996611898114 "1_13"
"6" 6 13.5215215215215 12 14 -12.043032612209 0.001 4.5 7.55809305809306 7.30769230769231 8 -18.9070221610576 0.001 18.9070221610576 3.43199477442426 "1_14"
"7" 6 13.9389389389389 13 14 -33.1393617405695 0.001 3.83333333333333 7.5049665049665 7.49807692307692 7.61538461538461 -81.886676244488 0.001 81.886676244488 24.3736572519592 "1_15"
"8" 6 11.2752752752753 9 13 -4.87357386721689 0.001 3.83333333333333 8.0543299904411 7.2 8.90909090909091 -9.65026478825593 0.001 9.65026478825593 2.38834546051952 "1_16"
"9" 6 11.978978978979 10 14 -4.92886204598437 0.001 8 15.2604719396386 13.8172727272727 16.9004545454545 -9.16532050650945 0.001 9.16532050650945 2.11822923026254 "1_17"
"10" 10 19.7517517517518 19 20 -20.4727730343487 0.001 5.5 10.4972252954709 10.2216374269006 10.8337719298246 -47.3927969028323 0.001 47.3927969028323 13.4600119342418 "1_18"
"11" 8 15.958958958959 15 16 -40.098635744329 0.001 4.5 8.4988988988989 8.49833333333333 8.5 -149.819220025299 0.001 149.819220025299 54.8602921404851 "1_19"
"12" 7 15.1011011011011 13 16 -9.54571965323888 0.001 4 8.57218745552079 8.2 9.07142857142857 -21.3598560204514 0.001 21.3598560204514 5.90706818360624 "1_2"
"13" 7 13.3963963963964 12 14 -9.08209802833681 0.001 4 7.58833285499952 7.38461538461539 8 -21.1996473682416 0.001 21.1996473682416 6.05877466995239 "1_20"
"14" 7 17.9369369369369 17 18 -44.2282618194777 0.001 5.42857142857143 9.50004048165813 9.47058823529412 9.50147058823529 -140.730421083598 0.001 140.730421083598 48.2510796320601 "1_21"
"15" 8 17.5745745745746 16 18 -16.0717821764076 0.001 4.5 9.51997119668688 9.23529411764706 9.94117647058824 -34.5187320691288 0.001 34.5187320691288 9.22347494636059 "1_22"
"16" 8 16.4644644644645 15 18 -9.01162094053505 0.001 4.5 9.82359331697567 9.375 10.4389583333333 -18.192881399519 0.001 18.192881399519 4.59063022949196 "1_23"
"17" 5 9.996996996997 10 10 -91.2781452275501 0.001 3 5.49961072183294 5.5 5.5 -326.508619592871 0.001 326.508619592871 117.61523718266 "1_24"
"18" 9 21.8008008008008 21 22 -29.8641988430025 0.001 5.77777777777778 11.502607369274 11.3333333333333 11.7505952380952 -76.1530701425958 0.001 76.1530701425958 23.1444356497966 "1_25"
"19" 7 12.9259259259259 11 14 -6.7973306307479 0.001 4 7.60814905814906 7.15384615384615 8.25 -13.1150048641634 0.001 13.1150048641634 3.15883711670773 "1_26"
"20" 5 13.0910910910911 11 14 -9.53444247204446 0.001 3.2 7.58972632305966 7.23076923076923 8.08333333333333 -19.5894774360534 0.001 19.5894774360534 5.02751748200445 "1_27"
"21" 3 13.8848848848849 13 14 -32.8218893084183 0.001 4.33333333333333 7.51603526603527 7.5 7.76923076923077 -47.8965128400202 0.001 47.8965128400202 7.53731176580095 "1_28"
"22" 4 9.89489489489489 9 10 -19.2114733161554 0.001 2.75 5.51829607385163 5.5 5.77777777777778 -37.4732139139253 0.001 37.4732139139253 9.13087029888492 "1_29"
"23" 7 13.976976976977 14 14 -46.4971653916055 0.001 4 7.4988834988835 7.5 7.5 -204.155987906926 0.001 204.155987906926 78.8294112576605 "1_3"
"24" 7 10.8478478478478 9 13 -3.88923456268837 0.001 4 8.3384632301299 7.55505050505051 9.30166666666667 -9.6835143633423 0.001 9.6835143633423 2.89713990032696 "1_30"
"25" 8 17.8098098098098 15 20 -8.36701119058147 0.001 5.625 10.9339772637889 10.3684210526316 11.7647058823529 -13.9324310880934 0.001 13.9324310880934 2.78270994875594 "1_31"
"26" 7 15.7067067067067 14 16 -16.6450887423538 0.001 4.28571428571429 8.50795264128597 8.26666666666667 8.8 -44.7113930884155 0.001 44.7113930884155 14.0331521730309 "1_32"
"27" 10 16.6116116116116 14 19 -5.69458627344934 0.001 5.5 11.3370304931751 10.5 12.2666666666667 -12.9059706094037 0.001 12.9059706094037 3.60569216797716 "1_33"
"28" 5 13.975975975976 14 14 -56.238008993391 0.001 3.8 7.50171966838634 7.5 7.5 -142.522045271901 0.001 142.522045271901 43.1420181392547 "1_34"
"29" 9 18.8118118118118 17 20 -11.023776813917 0.001 5.22222222222222 10.7174288581667 10.3684210526316 11.3135416666667 -22.1645988917431 0.001 22.1645988917431 5.57041103891309 "1_35"
"30" 8 15.8468468468468 15 16 -20.5460402401646 0.001 4.5 8.50112493445827 8.33333333333333 8.73333333333333 -57.2750482458567 0.001 57.2750482458567 18.364504002846 "1_36"
"31" 6 16.7247247247247 15 18 -12.344333398155 0.001 4.83333333333333 9.8296060766649 9.47058823529412 10.5 -17.2251995481426 0.001 17.2251995481426 2.44043307499381 "1_37"
"32" 8 15.9379379379379 15 16 -32.3331029117511 0.001 4.5 8.5018161018161 8.46666666666667 8.53333333333333 -127.679295299221 0.001 127.679295299221 47.6730961937348 "1_38"
"33" 8 16.0670670670671 14 18 -7.7173253114102 0.001 4.5 9.84999969264675 9.29411764705882 10.6 -15.7012873907376 0.001 15.7012873907376 3.99198103966371 "1_39"
"34" 6 12 12 12 -6e+05 0.001 3.5 6.5 6.5 6.5 -3e+05 0.001 3e+05 -150000 "1_4"
"35" 6 13.3823823823824 12 14 -10.6015792835372 0.001 4.5 7.58392600059267 7.30769230769231 8 -16.3669218245277 0.001 16.3669218245277 2.88267127049524 "1_40"
"36" 6 9.4964964964965 8 11 -3.65416023407128 0.0015 3.5 7.08964187853077 6.33333333333333 8 -8.65322626550673 0.001 8.65322626550673 2.49953301571772 "1_41"
"37" 6 11.8348348348348 11 12 -15.0630767225576 0.001 3.5 6.52342342342342 6.45454545454545 6.81818181818182 -38.8596211115904 0.001 38.8596211115904 11.8982721945164 "1_42"
"38" 4 7.88788788788789 7 8 -11.9610474591513 0.001 2.5 4.51053434386768 4.42857142857143 4.71428571428571 -35.456914866116 0.001 35.456914866116 11.7479337034824 "1_43"
"39" 5 9.97197197197197 9 10 -30.1084262580286 0.001 3 5.50166833500167 5.5 5.5 -94.3973497708485 0.001 94.3973497708485 32.1444617564099 "1_44"
"40" 5 13.6536536536537 12 15 -8.72313789724477 0.001 3.6 9.24950183283517 8.5 10.0833333333333 -14.2889809367273 0.001 14.2889809367273 2.78292151974125 "1_45"
"41" 8 15.8678678678679 15 16 -22.0941128829325 0.001 4.5 8.50577243910577 8.39785714285714 8.73333333333333 -58.8811629814373 0.001 58.8811629814373 18.3935250492524 "1_46"
"42" 7 15.7117117117117 14 16 -16.6574662144528 0.001 4.85714285714286 8.51029417696084 8.26404761904762 8.92880952380952 -29.2744211466111 0.001 29.2744211466111 6.30847746607913 "1_47"
"43" 9 20.8348348348348 19 22 -12.7213736266116 0.001 6.22222222222222 11.6641674255709 11.2857142857143 12.3 -20.8986774854165 0.001 20.8986774854165 4.08865192940245 "1_48"
"44" 10 21.6376376376376 20 22 -20.4619320920843 0.001 5.6 11.5374232628619 11.3809523809524 11.9002380952381 -52.5269101231984 0.001 52.5269101231984 16.032489015557 "1_5"
"45" 7 14 14 14 -7e+05 0.001 4 7.5 7.5 7.5 -350000 0.001 350000 -175000 "1_6"
"46" 5 9.94194194194194 9 10 -21.1220878824911 0.001 3 5.49922144366589 5.44444444444444 5.55555555555556 -67.6126236853444 0.001 67.6126236853444 23.2452679014267 "1_7"
"47" 7 13.4004004004004 12 14 -9.15448214864027 0.001 4 7.56927906927907 7.30769230769231 8 -21.5638387632062 0.001 21.5638387632062 6.20467830728299 "1_8"
"48" 8 17.9219219219219 17 18 -35.9759141158366 0.001 4.5 9.50035329447094 9.41176470588235 9.52941176470588 -129.08600046489 0.001 129.08600046489 46.5550431745266 "1_9"
"49" 3 6 6 6 -3e+05 0.001 2 3.5 3.5 3.5 -150000 0.001 150000 -75000 "10_1"
"50" 1 2 2 2 -1e+05 0.001 1 1.5 1.5 1.5 -50000 0.001 50000 -25000 "10_10"
"51" 2 4 4 4 -2e+05 0.001 1.5 2.5 2.5 2.5 -1e+05 0.001 1e+05 -50000 "10_11"
"52" 2 6 6 6 -4e+05 0.001 2 3.5 3.5 3.5 -150000 0.001 150000 -125000 "10_12"
"53" 4 8 8 8 -4e+05 0.001 2.5 4.5 4.5 4.5 -2e+05 0.001 2e+05 -1e+05 "10_13"
"54" 1 2 2 2 -1e+05 0.001 1 1.5 1.5 1.5 -50000 0.001 50000 -25000 "10_14"
"55" 2 6 6 6 -4e+05 0.001 2.5 3.5 3.5 3.5 -1e+05 0.001 1e+05 -150000 "10_15"
"56" 2 4 4 4 -2e+05 0.001 1.5 2.5 2.5 2.5 -1e+05 0.001 1e+05 -50000 "10_16"
"57" 0 2 2 2 -2e+05 0.001 NA 1.5 1.5 1.5 NA 0 NA NA "10_17"
"58" 4 8 8 8 -4e+05 0.001 2.5 4.5 4.5 4.5 -2e+05 0.001 2e+05 -1e+05 "10_18"
"59" 2 4 4 4 -2e+05 0.001 1.5 2.5 2.5 2.5 -1e+05 0.001 1e+05 -50000 "10_19"
"60" 2 4 4 4 -2e+05 0.001 1.5 2.5 2.5 2.5 -1e+05 0.001 1e+05 -50000 "10_2"
"61" 1 2 2 2 -1e+05 0.001 1 1.5 1.5 1.5 -50000 0.001 50000 -25000 "10_20"
"62" 2 4 4 4 -2e+05 0.001 1.5 2.5 2.5 2.5 -1e+05 0.001 1e+05 -50000 "10_21"
"63" 3 6 6 6 -3e+05 0.001 2 3.5 3.5 3.5 -150000 0.001 150000 -75000 "10_22"
"64" 4 8 8 8 -4e+05 0.001 2.5 4.5 4.5 4.5 -2e+05 0.001 2e+05 -1e+05 "10_23"
"65" 1 2 2 2 -1e+05 0.001 1 1.5 1.5 1.5 -50000 0.001 50000 -25000 "10_24"
"66" 4 10 10 10 -6e+05 0.001 3 5.5 5.5 5.5 -250000 0.001 250000 -175000 "10_25"
"67" 2 4 4 4 -2e+05 0.001 1.5 2.5 2.5 2.5 -1e+05 0.001 1e+05 -50000 "10_26"
"68" 4 4.20920920920921 3 5 -0.296379141214369 0.408 2.5 6.23626960293627 5.4 7 -8.29728631882926 0.001 8.29728631882926 4.00045358880744 "10_27"
"69" 5 11.5115115115115 10 12 -10.7580491994291 0.001 3.4 6.54608547941881 6.27272727272727 7 -20.3600749284317 0.001 20.3600749284317 4.80101286450127 "10_28"
"70" 4 10 10 10 -6e+05 0.001 3.25 5.5 5.5 5.5 -225000 0.001 225000 -187500 "10_29"
"71" 1 2 2 2 -1e+05 0.001 1 1.5 1.5 1.5 -50000 0.001 50000 -25000 "10_3"
"72" 1 2 2 2 -1e+05 0.001 1 1.5 1.5 1.5 -50000 0.001 50000 -25000 "10_30"
"73" 1 2 2 2 -1e+05 0.001 1 1.5 1.5 1.5 -50000 0.001 50000 -25000 "10_31"
"74" 2 6 6 6 -4e+05 0.001 1.5 3.5 3.5 3.5 -2e+05 0.001 2e+05 -1e+05 "10_32"
"75" 1 2 2 2 -1e+05 0.001 1 1.5 1.5 1.5 -50000 0.001 50000 -25000 "10_33"
"76" 0 6 6 6 -6e+05 0.001 NA 3.5 3.5 3.5 NA 0 NA NA "10_34"
"77" 1 2 2 2 -1e+05 0.001 1 1.5 1.5 1.5 -50000 0.001 50000 -25000 "10_35"
"78" 4 10 10 10 -6e+05 0.001 2.5 5.5 5.5 5.5 -3e+05 0.001 3e+05 -150000 "10_36"
"79" 5 10 10 10 -5e+05 0.001 3 5.5 5.5 5.5 -250000 0.001 250000 -125000 "10_37"
"80" 3 6 6 6 -3e+05 0.001 2 3.5 3.5 3.5 -150000 0.001 150000 -75000 "10_38"
"81" 3 8 8 8 -5e+05 0.001 2.66666666666667 4.5 4.5 4.5 -183333.333333333 0.001 183333.333333333 -158333.333333333 "10_39"
"82" 3 7.98298298298298 8 8 -38.5085542741985 0.001 3 4.4993564993565 4.5 4.5 -55.0852937985742 0.001 55.0852937985742 8.28836976218785 "10_4"
"83" 3 6 6 6 -3e+05 0.001 2 3.5 3.5 3.5 -150000 0.001 150000 -75000 "10_40"
"84" 2 11.955955955956 11 12 -48.4956692870783 0.001 5 6.50655200655201 6.5 6.54545454545455 -32.3555134613557 0.001 32.3555134613557 -8.07007791286128 "10_41"
"85" 2 6 6 6 -4e+05 0.001 1.5 3.5 3.5 3.5 -2e+05 0.001 2e+05 -1e+05 "10_42"
"86" 3 6 6 6 -3e+05 0.001 2 3.5 3.5 3.5 -150000 0.001 150000 -75000 "10_43"
"87" 1 2 2 2 -1e+05 0.001 1 1.5 1.5 1.5 -50000 0.001 50000 -25000 "10_44"
"88" 0 2 2 2 -2e+05 0.001 NA 1.5 1.5 1.5 NA 0 NA NA "10_45"
"89" 2 6 6 6 -4e+05 0.001 2.5 3.5 3.5 3.5 -1e+05 0.001 1e+05 -150000 "10_46"
"90" 4 8 8 8 -4e+05 0.001 2.5 4.5 4.5 4.5 -2e+05 0.001 2e+05 -1e+05 "10_47"
"91" 2 4 4 4 -2e+05 0.001 1.5 2.5 2.5 2.5 -1e+05 0.001 1e+05 -50000 "10_48"
"92" 2 4 4 4 -2e+05 0.001 1.5 2.5 2.5 2.5 -1e+05 0.001 1e+05 -50000 "10_5"
"93" 2 4 4 4 -2e+05 0.001 1.5 2.5 2.5 2.5 -1e+05 0.001 1e+05 -50000 "10_6"
"94" 4 8 8 8 -4e+05 0.001 2.5 4.5 4.5 4.5 -2e+05 0.001 2e+05 -1e+05 "10_7"
"95" 1 2 2 2 -1e+05 0.001 1 1.5 1.5 1.5 -50000 0.001 50000 -25000 "10_8"
"96" 1 2 2 2 -1e+05 0.001 1 1.5 1.5 1.5 -50000 0.001 50000 -25000 "10_9"
"97" 3 7.98398398398398 8 8 -39.681483736883 0.001 2.66666666666667 4.497711997712 4.5 4.5 -83.0974713917556 0.001 83.0974713917556 21.7079938274363 "2_1"
"98" 2 4 4 4 -2e+05 0.001 1.5 2.5 2.5 2.5 -1e+05 0.001 1e+05 -50000 "2_10"
"99" 3 6 6 6 -3e+05 0.001 2 3.5 3.5 3.5 -150000 0.001 150000 -75000 "2_11"
"100" 4 8 8 8 -4e+05 0.001 2.5 4.5 4.5 4.5 -2e+05 0.001 2e+05 -1e+05 "2_12"
"101" 1 5.99099099099099 6 6 -52.7953834738655 0.001 2 3.4998998998999 3.5 3.5 -157.953933315838 0.001 157.953933315838 52.5792749209863 "2_13"
"102" 4 9.998998998999 10 10 -189.610128951491 0.001 3 5.49983316649983 5.5 5.5 -474.072780278514 0.001 474.072780278514 142.231325663512 "2_14"
"103" 0 2 2 2 -2e+05 0.001 NA 1.5 1.5 1.5 NA 0 NA NA "2_15"
"104" 2 4 4 4 -2e+05 0.001 1.5 2.5 2.5 2.5 -1e+05 0.001 1e+05 -50000 "2_16"
"105" 2 5.98098098098098 6 6 -29.1305228198024 0.001 2 3.4972972972973 3.5 3.5 -52.1497041874389 0.001 52.1497041874389 11.5095906838182 "2_17"
"106" 4 8 8 8 -4e+05 0.001 2.5 4.5 4.5 4.5 -2e+05 0.001 2e+05 -1e+05 "2_18"
"107" 3 5.9039039039039 5 6 -9.32537760973954 0.001 2 3.48658658658659 3.2 3.5 -22.1872695182157 0.001 22.1872695182157 6.43094595423807 "2_19"
"108" 4 7.24524524524525 6 8 -4.29068960820554 0.002 2.5 4.53103818103818 4.14285714285714 5 -8.6903976875047 0.001 8.6903976875047 2.19985403964958 "2_2"
"109" 4 7.996996996997 8 8 -73.0115452511233 0.001 2.5 4.5005005005005 4.5 4.5 -149.658873665811 0.001 149.658873665811 38.323664207344 "2_20"
"110" 3 7.7977977977978 7 8 -11.1388231113414 0.001 3 4.48124314790981 4.14285714285714 4.57142857142857 -14.3632615546936 0.001 14.3632615546936 1.61221922167612 "2_21"
"111" 3 7.99499499499499 8 8 -70.7464867489468 0.001 3 4.4997854997855 4.5 4.5 -184.035377333443 0.001 184.035377333443 56.6444452922482 "2_22"
"112" 3 7.89189189189189 7 8 -15.2775135882404 0.001 2 4.5045045045045 4.28571428571429 4.71428571428571 -37.7150581083673 0.001 37.7150581083673 11.2187722600634 "2_23"
"113" 3 6 6 6 -3e+05 0.001 2 3.5 3.5 3.5 -150000 0.001 150000 -75000 "2_24"
"114" 3 6 6 6 -3e+05 0.001 2 3.5 3.5 3.5 -150000 0.001 150000 -75000 "2_25"
"115" 2 8 8 8 -6e+05 0.001 3.5 4.5 4.5 4.5 -1e+05 0.001 1e+05 -250000 "2_26"
"116" 6 9.5975975975976 8 11 -3.57221298301704 0.0015 3.5 6.8369347702681 5.9 7.66904761904762 -7.30224129155702 0.001 7.30224129155702 1.86501415426999 "2_27"
"117" 3 6 6 6 -3e+05 0.001 2 3.5 3.5 3.5 -150000 0.001 150000 -75000 "2_28"
"118" 6 11.973973973974 11 12 -37.503193172254 0.001 3.5 6.500546000546 6.5 6.5 -141.287461298018 0.001 141.287461298018 51.892134062882 "2_29"
"119" 4 7.96596596596597 7 8 -21.2254771792826 0.001 2.5 4.49783116449783 4.5 4.5 -88.1289262101087 0.001 88.1289262101087 33.4517245154131 "2_3"
"120" 3 7.996996996997 8 8 -91.2781452275501 0.001 2.33333333333333 4.4997854997855 4.5 4.5 -289.017396787477 0.001 289.017396787477 98.8696257799633 "2_30"
"121" 1 7.98998998998999 8 8 -70.1821102891687 0.001 3 4.500143000143 4.5 4.5 -130.12859342867 0.001 130.12859342867 29.9732415697508 "2_31"
"122" 2 5.998998998999 6 6 -126.396206434374 0.001 2 3.4996996996997 3.5 3.5 -158.003167692933 0.001 158.003167692933 15.8034806292791 "2_32"
"123" 2 8 8 8 -6e+05 0.001 2 4.5 4.5 4.5 -250000 0.001 250000 -175000 "2_33"
"124" 2 5.99499499499499 6 6 -56.5830117465024 0.001 1.5 3.5007007007007 3.5 3.5 -138.084688581976 0.001 138.084688581976 40.7508384177367 "2_34"
"125" 3 6 6 6 -3e+05 0.001 2 3.5 3.5 3.5 -150000 0.001 150000 -75000 "2_35"
"126" 3 5.997997997998 6 6 -67.0373404382745 0.001 2 3.4993993993994 3.5 3.5 -111.758744844175 0.001 111.758744844175 22.3607022029503 "2_36"
"127" 3 6 6 6 -3e+05 0.001 2 3.5 3.5 3.5 -150000 0.001 150000 -75000 "2_37"
"128" 2 5.94194194194194 5 6 -16.2631922872695 0.001 1.5 3.498998998999 3.4 3.5 -37.0577985506723 0.001 37.0577985506723 10.3973031317014 "2_38"
"129" 4 9.99499499499499 10 10 -84.9099617513913 0.001 3 5.49972194416639 5.5 5.5 -233.76287187867 0.001 233.76287187867 74.4264550636392 "2_39"
"130" 3 5.98798798798799 6 6 -27.414331663109 0.001 2 3.4997997997998 3.5 3.5 -136.798207221434 0.001 136.798207221434 54.6919377791623 "2_4"
"131" 3 7.998998998999 8 8 -158.003167692933 0.001 2 4.5000715000715 4.5 4.5 -1106.2752826494 0.001 1106.2752826494 474.136057478234 "2_40"
"132" 2 6 6 6 -4e+05 0.001 2.5 3.5 3.5 3.5 -1e+05 0.001 1e+05 -150000 "2_41"
"133" 0 2 2 2 -2e+05 0.001 NA 1.5 1.5 1.5 NA 0 NA NA "2_42"
"134" 2 4 4 4 -2e+05 0.001 1.5 2.5 2.5 2.5 -1e+05 0.001 1e+05 -50000 "2_43"
"135" 5 9.98398398398398 10 10 -39.681483736883 0.001 3 5.501001001001 5.5 5.5 -139.673238871772 0.001 139.673238871772 49.9958775674446 "2_44"
"136" 3 6 6 6 -3e+05 0.001 2 3.5 3.5 3.5 -150000 0.001 150000 -75000 "2_45"
"137" 3 6 6 6 -3e+05 0.001 2 3.5 3.5 3.5 -150000 0.001 150000 -75000 "2_46"
"138" 2 8 8 8 -6e+05 0.001 2.5 4.5 4.5 4.5 -2e+05 0.001 2e+05 -2e+05 "2_47"
"139" 4 7.98498498498498 8 8 -32.7515248975498 0.001 2.5 4.4983554983555 4.5 4.5 -111.822363605331 0.001 111.822363605331 39.5354193538907 "2_48"
"140" 1 5.99499499499499 6 6 -70.7464867489468 0.001 2 3.4986986986987 3.5 3.5 -78.0142329813363 0.001 78.0142329813363 3.63387311619475 "2_5"
"141" 2 5.98898898898899 6 6 -38.2063928911743 0.001 2 3.4976976976977 3.5 3.5 -61.8758444011881 0.001 61.8758444011881 11.8347257550069 "2_6"
"142" 1 3.996996996997 4 4 -54.7449452746965 0.001 2 2.5005005005005 2.5 2.5 -54.8546545838643 0.001 54.8546545838643 0.054854654583874 "2_7"
"143" 3 8 8 8 -5e+05 0.001 2 4.5 4.5 4.5 -250000 0.001 250000 -125000 "2_8"
"144" 1 4 4 4 -3e+05 0.001 2 2.5 2.5 2.5 -50000 0.001 50000 -125000 "2_9"
"145" 0 4 4 4 -4e+05 0.001 NA 2.5 2.5 2.5 NA 0 NA NA "3_1"
"146" 3 8 8 8 -5e+05 0.001 2.33333333333333 4.5 4.5 4.5 -216666.666666667 0.001 216666.666666667 -141666.666666667 "3_10"
"147" 0 2 2 2 -2e+05 0.001 NA 1.5 1.5 1.5 NA 0 NA NA "3_11"
"148" 3 7.998998998999 8 8 -158.003167692933 0.001 2.33333333333333 4.5000715000715 4.5 4.5 -958.776130109461 0.001 958.776130109461 400.386481208264 "3_12"
"149" 2 4 4 4 -2e+05 0.001 1.5 2.5 2.5 2.5 -1e+05 0.001 1e+05 -50000 "3_13"
"150" 1 4 4 4 -3e+05 0.001 1 2.5 2.5 2.5 -150000 0.001 150000 -75000 "3_14"
"151" 1 4 4 4 -3e+05 0.001 1 2.5 2.5 2.5 -150000 0.001 150000 -75000 "3_15"
"152" 2 8 8 8 -6e+05 0.001 2 4.5 4.5 4.5 -250000 0.001 250000 -175000 "3_16"
"153" 3 7.998998998999 8 8 -158.003167692933 0.001 2 4.4999284999285 4.5 4.5 -1106.21200544968 0.001 1106.21200544968 474.104418878375 "3_17"
"154" 3 6 6 6 -3e+05 0.001 2 3.5 3.5 3.5 -150000 0.001 150000 -75000 "3_18"
"155" 1 2 2 2 -1e+05 0.001 1 1.5 1.5 1.5 -50000 0.001 50000 -25000 "3_19"
"156" 2 6 6 6 -4e+05 0.001 2.5 3.5 3.5 3.5 -1e+05 0.001 1e+05 -150000 "3_2"
"157" 2 6 6 6 -4e+05 0.001 2.5 3.5 3.5 3.5 -1e+05 0.001 1e+05 -150000 "3_20"
"158" 1 4 4 4 -3e+05 0.001 1 2.5 2.5 2.5 -150000 0.001 150000 -75000 "3_21"
"159" 1 8 8 8 -7e+05 0.001 1 4.5 4.5 4.5 -350000 0.001 350000 -175000 "3_22"
"160" 3 6 6 6 -3e+05 0.001 2 3.5 3.5 3.5 -150000 0.001 150000 -75000 "3_23"
"161" 2 4 4 4 -2e+05 0.001 1.5 2.5 2.5 2.5 -1e+05 0.001 1e+05 -50000 "3_24"
"162" 1 2 2 2 -1e+05 0.001 1 1.5 1.5 1.5 -50000 0.001 50000 -25000 "3_25"
"163" 3 8 8 8 -5e+05 0.001 2.33333333333333 4.5 4.5 4.5 -216666.666666667 0.001 216666.666666667 -141666.666666667 "3_26"
"164" 4 9.998998998999 10 10 -189.610128951491 0.001 2.5 5.49994438883328 5.5 5.5 -1706.74426936229 0.001 1706.74426936229 758.5670702054 "3_27"
"165" 2 3.998998998999 4 4 -63.182283917258 0.001 1.5 2.49983316649983 2.5 2.5 -189.610128951491 0.001 189.610128951491 63.2139225171165 "3_28"
"166" 3 6 6 6 -3e+05 0.001 2 3.5 3.5 3.5 -150000 0.001 150000 -75000 "3_29"
"167" 2 6 6 6 -4e+05 0.001 1.5 3.5 3.5 3.5 -2e+05 0.001 2e+05 -1e+05 "3_3"
"168" 3 5.98498498498498 6 6 -24.5327925758587 0.001 2 3.5001001001001 3.5 3.5 -122.364199272831 0.001 122.364199272831 48.9157033484863 "3_30"
"169" 5 10 10 10 -5e+05 0.001 3 5.5 5.5 5.5 -250000 0.001 250000 -125000 "3_31"
"170" 3 7.95495495495495 7 8 -23.8785131643096 0.001 2 4.49149149149149 4.28571428571429 4.5 -48.3773795887539 0.001 48.3773795887539 12.2494332122221 "3_32"
"171" 1 2 2 2 -1e+05 0.001 1 1.5 1.5 1.5 -50000 0.001 50000 -25000 "3_33"
"172" 2 4 4 4 -2e+05 0.001 1.5 2.5 2.5 2.5 -1e+05 0.001 1e+05 -50000 "3_34"
"173" 1 2 2 2 -1e+05 0.001 1 1.5 1.5 1.5 -50000 0.001 50000 -25000 "3_35"
"174" 3 6 6 6 -3e+05 0.001 2 3.5 3.5 3.5 -150000 0.001 150000 -75000 "3_36"
"175" 2 4 4 4 -2e+05 0.001 1.5 2.5 2.5 2.5 -1e+05 0.001 1e+05 -50000 "3_37"
"176" 2 4 4 4 -2e+05 0.001 1.5 2.5 2.5 2.5 -1e+05 0.001 1e+05 -50000 "3_38"
"177" 5 10 10 10 -5e+05 0.001 3 5.5 5.5 5.5 -250000 0.001 250000 -125000 "3_39"
"178" 2 4 4 4 -2e+05 0.001 1.5 2.5 2.5 2.5 -1e+05 0.001 1e+05 -50000 "3_4"
"179" 2 4 4 4 -2e+05 0.001 1.5 2.5 2.5 2.5 -1e+05 0.001 1e+05 -50000 "3_40"
"180" 0 2 2 2 -2e+05 0.001 NA 1.5 1.5 1.5 NA 0 NA NA "3_41"
"181" 4 8 8 8 -4e+05 0.001 2.5 4.5 4.5 4.5 -2e+05 0.001 2e+05 -1e+05 "3_42"
"182" 5 9.89489489489489 9 10 -14.7463130094766 0.001 3 5.5004309865421 5.44097222222222 5.55555555555556 -56.9878327190274 0.001 56.9878327190274 21.1207598547754 "3_43"
"183" 2 6 6 6 -4e+05 0.001 2.5 3.5 3.5 3.5 -1e+05 0.001 1e+05 -150000 "3_44"
"184" 3 6 6 6 -3e+05 0.001 2 3.5 3.5 3.5 -150000 0.001 150000 -75000 "3_45"
"185" 4 8 8 8 -4e+05 0.001 2.5 4.5 4.5 4.5 -2e+05 0.001 2e+05 -1e+05 "3_46"
"186" 2 7.998998998999 8 8 -189.610128951491 0.001 2 4.4999284999285 4.5 4.5 -1106.21200544968 0.001 1106.21200544968 458.300938249096 "3_47"
"187" 3 6 6 6 -3e+05 0.001 2 3.5 3.5 3.5 -150000 0.001 150000 -75000 "3_48"
"188" 1 5.99199199199199 6 6 -55.9809254849845 0.001 2 3.4991991991992 3.5 3.5 -168.122382391942 0.001 168.122382391942 56.0707284534785 "3_5"
"189" 0 2 2 2 -2e+05 0.001 NA 1.5 1.5 1.5 NA 0 NA NA "3_6"
"190" 1 4 4 4 -3e+05 0.001 2 2.5 2.5 2.5 -50000 0.001 50000 -125000 "3_7"
"191" 3 11.8248248248248 11 12 -22.440162824938 0.001 3.33333333333333 6.50105458994348 6.27272727272727 6.72727272727273 -43.3550691120494 0.001 43.3550691120494 10.4574531435557 "3_8"
"192" 3 5.97597597597598 6 6 -19.4253792749424 0.001 2 3.5002002002002 3.5 3.5 -68.4088020857181 0.001 68.4088020857181 24.4917114053879 "3_9"
"193" 3 8 8 8 -5e+05 0.001 3 4.5 4.5 4.5 -150000 0.001 150000 -175000 "4_1"
"194" 2 4 4 4 -2e+05 0.001 1.5 2.5 2.5 2.5 -1e+05 0.001 1e+05 -50000 "4_10"
"195" 1 2 2 2 -1e+05 0.001 1 1.5 1.5 1.5 -50000 0.001 50000 -25000 "4_11"
"196" 3 6 6 6 -3e+05 0.001 2 3.5 3.5 3.5 -150000 0.001 150000 -75000 "4_12"
"197" 2 4 4 4 -2e+05 0.001 1.5 2.5 2.5 2.5 -1e+05 0.001 1e+05 -50000 "4_13"
"198" 2 4 4 4 -2e+05 0.001 1.5 2.5 2.5 2.5 -1e+05 0.001 1e+05 -50000 "4_14"
"199" 2 4 4 4 -2e+05 0.001 1.5 2.5 2.5 2.5 -1e+05 0.001 1e+05 -50000 "4_15"
"200" 4 8 8 8 -4e+05 0.001 2.5 4.5 4.5 4.5 -2e+05 0.001 2e+05 -1e+05 "4_16"
"201" 1 4 4 4 -3e+05 0.001 1 2.5 2.5 2.5 -150000 0.001 150000 -75000 "4_17"
"202" 3 6 6 6 -3e+05 0.001 2 3.5 3.5 3.5 -150000 0.001 150000 -75000 "4_18"
"203" 6 12 12 12 -6e+05 0.001 3.5 6.5 6.5 6.5 -3e+05 0.001 3e+05 -150000 "4_19"
"204" 4 8 8 8 -4e+05 0.001 2.5 4.5 4.5 4.5 -2e+05 0.001 2e+05 -1e+05 "4_2"
"205" 4 7.998998998999 8 8 -126.396206434374 0.001 2.5 4.4997854997855 4.5 4.5 -294.966666480018 0.001 294.966666480018 84.2852300228218 "4_20"
"206" 2 3.78178178178178 2 5 -2.18700765750279 0.0245 3.5 6.44798131464798 5.66666666666667 7.5 -6.57705542515271 0.001 6.57705542515271 2.19502388382496 "4_21"
"207" 1 8.77577577577578 7 10 -8.26301316153431 0.001 5 5.56597867708979 5 6.25 -1.88351409060061 0.0295 1.88351409060061 -3.18974953546685 "4_22"
"208" 6 11.9109109109109 11 12 -20.0116427389223 0.001 3.5 6.51093821093821 6.5 6.72727272727273 -57.901960531059 0.001 57.901960531059 18.9451588960683 "4_23"
"209" 3 6 6 6 -3e+05 0.001 2 3.5 3.5 3.5 -150000 0.001 150000 -75000 "4_24"
"210" 1 2 2 2 -1e+05 0.001 1 1.5 1.5 1.5 -50000 0.001 50000 -25000 "4_25"
"211" 2 4 4 4 -2e+05 0.001 1.5 2.5 2.5 2.5 -1e+05 0.001 1e+05 -50000 "4_26"
"212" 1 2 2 2 -1e+05 0.001 1 1.5 1.5 1.5 -50000 0.001 50000 -25000 "4_27"
"213" 1 2 2 2 -1e+05 0.001 1 1.5 1.5 1.5 -50000 0.001 50000 -25000 "4_28"
"214" 2 3.998998998999 4 4 -63.182283917258 0.001 1.5 2.50016683350017 2.5 2.5 -189.673406151208 0.001 189.673406151208 63.2455611169749 "4_29"
"215" 1 2 2 2 -1e+05 0.001 1 1.5 1.5 1.5 -50000 0.001 50000 -25000 "4_3"
"216" 4 7.97197197197197 7 8 -24.052795528862 0.001 2.5 4.498998998999 4.5 4.5 -61.9298089514039 0.001 61.9298089514039 18.9385067112709 "4_30"
"217" 1 2 2 2 -1e+05 0.001 1 1.5 1.5 1.5 -50000 0.001 50000 -25000 "4_31"
"218" 0 2 2 2 -2e+05 0.001 NA 1.5 1.5 1.5 NA 0 NA NA "4_33"
"219" 1 2 2 2 -1e+05 0.001 1 1.5 1.5 1.5 -50000 0.001 50000 -25000 "4_34"
"220" 2 4 4 4 -2e+05 0.001 1.5 2.5 2.5 2.5 -1e+05 0.001 1e+05 -50000 "4_35"
"221" 1 2 2 2 -1e+05 0.001 1 1.5 1.5 1.5 -50000 0.001 50000 -25000 "4_36"
"222" 2 4 4 4 -2e+05 0.001 1.5 2.5 2.5 2.5 -1e+05 0.001 1e+05 -50000 "4_37"
"223" 4 7.39439439439439 6 8 -4.79267980829017 0.0015 2.5 4.55799132465799 4.28571428571429 5 -11.9277792207733 0.001 11.9277792207733 3.56754970624154 "4_38"
"224" 5 9.98798798798799 10 10 -45.7640250175117 0.001 3 5.49944388833278 5.5 5.5 -136.826634960256 0.001 136.826634960256 45.531304971372 "4_39"
"225" 1 2 2 2 -1e+05 0.001 1 1.5 1.5 1.5 -50000 0.001 50000 -25000 "4_4"
"226" 3 6 6 6 -3e+05 0.001 2 3.5 3.5 3.5 -150000 0.001 150000 -75000 "4_40"
"227" 3 5.95495495495495 5 6 -13.9200353005078 0.001 2 3.4958958958959 3.4 3.5 -37.2071277768254 0.001 37.2071277768254 11.6435462381588 "4_41"
"228" 3 6 6 6 -3e+05 0.001 2 3.5 3.5 3.5 -150000 0.001 150000 -75000 "4_42"
"229" 2 3.97697697697698 4 4 -13.1753087013516 0.001 1.5 2.49616282949616 2.5 2.5 -39.8327940535548 0.001 39.8327940535548 13.3287426761016 "4_43"
"230" 0 2 2 2 -2e+05 0.001 NA 1.5 1.5 1.5 NA 0 NA NA "4_44"
"231" 5 9.99399399399399 10 10 -64.6019728667938 0.001 3 5.49977755533311 5.5 5.5 -380.122591270219 0.001 380.122591270219 157.760309201713 "4_45"
"232" 1 2 2 2 -1e+05 0.001 1 1.5 1.5 1.5 -50000 0.001 50000 -25000 "4_46"
"233" 1 2 2 2 -1e+05 0.001 1 1.5 1.5 1.5 -50000 0.001 50000 -25000 "4_47"
"234" 2 4 4 4 -2e+05 0.001 1.5 2.5 2.5 2.5 -1e+05 0.001 1e+05 -50000 "4_48"
"235" 1 2 2 2 -1e+05 0.001 1 1.5 1.5 1.5 -50000 0.001 50000 -25000 "4_5"
"236" 1 2 2 2 -1e+05 0.001 1 1.5 1.5 1.5 -50000 0.001 50000 -25000 "4_6"
"237" 2 4 4 4 -2e+05 0.001 1.5 2.5 2.5 2.5 -1e+05 0.001 1e+05 -50000 "4_7"
"238" 1 2 2 2 -1e+05 0.001 1 1.5 1.5 1.5 -50000 0.001 50000 -25000 "4_8"
"239" 1 2 2 2 -1e+05 0.001 1 1.5 1.5 1.5 -50000 0.001 50000 -25000 "4_9"
"240" 3 7.86786786786787 7 8 -14.0057067407141 0.001 2 4.52128318794985 4.5 4.85714285714286 -32.4302288170065 0.001 32.4302288170065 9.21226103814622 "5_1"
"241" 5 8.25825825825826 7 10 -3.71093484594832 0.002 3 5.95495137995138 5.375 6.66666666666667 -8.7569245225281 0.001 8.7569245225281 2.52299483828989 "5_10"
"242" 4 7.68668668668669 6 8 -6.85177318808187 0.001 2.5 4.48677248677249 4.14285714285714 4.71428571428571 -16.8930189931678 0.001 16.8930189931678 5.02062290254296 "5_11"
"243" 2 4.23723723723724 3 5 -3.11507624703491 0.004 1.5 4.10433767100434 3.5 5 -8.17820146448558 0.001 8.17820146448558 2.53156260872534 "5_12"
"244" 4 7.88188188188188 7 8 -11.5845263654868 0.001 2.5 4.51399018065685 4.49642857142857 4.71428571428571 -34.0138602026204 0.001 34.0138602026204 11.2146669185668 "5_13"
"245" 4 9.81381381381381 9 10 -13.6378031862787 0.001 3.25 5.51990482546038 5.44444444444444 5.85803571428571 -25.2425732061877 0.001 25.2425732061877 5.80238500995452 "5_14"
"246" 2 5.86486486486486 5 6 -10.9311925915736 0.001 2 3.5021021021021 3.2 3.8 -18.6333150548697 0.001 18.6333150548697 3.85106123164802 "5_15"
"247" 4 6.4974974974975 5 8 -3.11450842940786 0.004 2.5 4.78755183755184 4.14285714285714 5.5 -6.31976684793039 0.001 6.31976684793039 1.60262920926126 "5_16"
"248" 1 2 2 2 -1e+05 0.001 1 1.5 1.5 1.5 -50000 0.001 50000 -25000 "5_17"
"249" 2 5.998998998999 6 6 -126.396206434374 0.001 1.5 3.4996996996997 3.5 3.5 -210.681436457196 0.001 210.681436457196 42.142615011411 "5_18"
"250" 3 5.75175175175175 4 6 -5.53762861703954 0.001 2 3.50595595595596 3.2 3.8 -13.0540354717294 0.001 13.0540354717294 3.75820342734491 "5_19"
"251" 4 7.998998998999 8 8 -126.396206434374 0.001 2.5 4.4999284999285 4.5 4.5 -884.963276639775 0.001 884.963276639775 379.2835351027 "5_2"
"252" 3 5.84384384384384 5 6 -7.49607395691352 0.001 2 3.51671671671672 3.4 3.8 -19.4466894358021 0.001 19.4466894358021 5.97530773944429 "5_20"
"253" 4 9.67367367367367 8 10 -10.7963296535264 0.001 2.5 5.52150761872984 5.22222222222222 5.88888888888889 -24.5661199982826 0.001 24.5661199982826 6.88489517237809 "5_21"
"254" 3 7.89189189189189 7 8 -14.9873829971105 0.001 2 4.5020735020735 4.28571428571429 4.71428571428571 -38.5363891828044 0.001 38.5363891828044 11.774503092847 "5_22"
"255" 5 9.1991991991992 8 10 -5.45514137516292 0.001 3 5.61793142348698 5.33333333333333 6.125 -13.4298030843064 0.001 13.4298030843064 3.98733085457175 "5_23"
"256" 4 4.32632632632633 2 6 -0.2893216361271 0.3895 3.25 7.69217312550646 6.5 9 -6.63963664627043 0.001 6.63963664627043 3.17515750507166 "5_24"
"257" 4 7.73673673673674 7 8 -7.82199196708179 0.001 2.5 4.48605748605749 4.14285714285714 4.71428571428571 -18.4351357622297 0.001 18.4351357622297 5.30657189757398 "5_25"
"258" 3 5.94994994994995 5 6 -13.5221127858717 0.001 2 3.49339339339339 3.4 3.5 -33.5584945308775 0.001 33.5584945308775 10.0181908725029 "5_26"
"259" 1 5.996996996997 6 6 -91.2781452275501 0.001 1 3.4996996996997 3.5 3.5 -238.196119887025 0.001 238.196119887025 73.4589873297377 "5_27"
"260" 1 7.93693693693694 7 8 -28.0525219118598 0.001 1 4.4993564993565 4.42857142857143 4.57142857142857 -90.429011564131 0.001 90.429011564131 31.1882448261356 "5_28"
"261" 6 10.5695695695696 8.95 12 -4.58125585546446 0.001 3.5 6.72844745900301 6.27272727272727 7.44444444444444 -10.6410563367136 0.001 10.6410563367136 3.02990024062457 "5_29"
"262" 4 7.91491491491491 7 8 -13.5129175558068 0.001 2.5 4.50855617522284 4.5 4.71428571428571 -40.6127161397402 0.001 40.6127161397402 13.5498992919667 "5_3"
"263" 3 5.56356356356356 4 6 -4.31831888714072 0.0015 2 3.55850850850851 3.4 4 -11.3288327913172 0.001 11.3288327913172 3.50525695208826 "5_30"
"264" 1 5.8988988988989 5 6 -15.4155006659437 0.001 1 3.50820820820821 3.4 3.8 -42.6741206965255 0.001 42.6741206965255 13.6293100152909 "5_31"
"265" 4 7.94294294294294 7 8 -16.9904792082309 0.001 2.5 4.5015015015015 4.42857142857143 4.57142857142857 -44.6783371875058 0.001 44.6783371875058 13.8439289896374 "5_32"
"266" 4 7.58258258258258 6 8 -5.95724987192075 0.001 2.5 4.50110586777253 4.14285714285714 4.85714285714286 -12.8911570151401 0.001 12.8911570151401 3.46695357160969 "5_33"
"267" 5 9.70870870870871 8 10 -9.01562265993612 0.001 3 5.53781360725805 5.33333333333333 5.88888888888889 -19.5920153650168 0.001 19.5920153650168 5.28819635254035 "5_34"
"268" 4 7.73373373373373 7 8 -7.47236319701179 0.001 2.5 4.52507745841079 4.28571428571429 4.85714285714286 -17.2419211238122 0.001 17.2419211238122 4.8847789634002 "5_35"
"269" 4 9.00800800800801 7 10 -5.84781668613687 0.001 2.75 5.67254953366064 5.33333333333333 6.25 -12.0001373800612 0.001 12.0001373800612 3.07616034696217 "5_36"
"270" 5 9.81381381381381 9 10 -11.7548358716673 0.001 3 5.51815704593482 5.44444444444444 5.88888888888889 -28.4328925296558 0.001 28.4328925296558 8.33902832899426 "5_37"
"271" 3 5.99099099099099 6 6 -31.6391106738689 0.001 2 3.4984984984985 3.5 3.5 -74.1354276868115 0.001 74.1354276868115 21.2481585064713 "5_38"
"272" 4 7.95395395395395 7 8 -18.4406517700914 0.001 2.5 4.501716001716 4.5 4.5 -48.629988598493 0.001 48.629988598493 15.0946684142008 "5_39"
"273" 4 7.85085085085085 7 8 -10.40197453304 0.001 2.5 4.51253634586968 4.42857142857143 4.71428571428571 -35.7758433596047 0.001 35.7758433596047 12.6869344132823 "5_4"
"274" 3 7.77377377377377 7 8 -10.1936832756718 0.001 2 4.49132465799133 4.14285714285714 4.85714285714286 -21.9154048023935 0.001 21.9154048023935 5.86086076336086 "5_40"
"275" 3 5.87687687687688 5 6 -8.5174356299408 0.001 2 3.49074074074074 3.2 3.6 -24.4604688118918 0.001 24.4604688118918 7.97151659097548 "5_41"
"276" 5 9.38338338338338 8 10 -6.33266063738148 0.001 3 5.52133482689038 5.22222222222222 5.875 -16.2078979723524 0.001 16.2078979723524 4.93761866748547 "5_42"
"277" 4 10 10 10 -6e+05 0.001 2.5 5.5 5.5 5.5 -3e+05 0.001 3e+05 -150000 "5_43"
"278" 3 7.96596596596597 7 8 -27.3746539826868 0.001 2 4.500572000572 4.5 4.5 -64.0724344753212 0.001 64.0724344753212 18.3488902463172 "5_44"
"279" 5 9.68868868868869 8 10 -8.6952344754848 0.001 3 5.51814314314314 5.22222222222222 5.88888888888889 -20.2543975401056 0.001 20.2543975401056 5.77958153231041 "5_45"
"280" 4 7.95595595595596 7 8 -19.2695440400697 0.001 2.5 4.497711997712 4.42857142857143 4.5 -59.7075074506687 0.001 59.7075074506687 20.2189817052995 "5_46"
"281" 6 11.8988988988989 11 12 -19.3458791569536 0.001 3.5 6.50839930839931 6.45454545454545 6.72727272727273 -49.1150431289298 0.001 49.1150431289298 14.8845819859881 "5_47"
"282" 5 11.3983983983984 10 12 -9.19319366539931 0.001 3.2 6.51886532997644 6.18181818181818 6.90909090909091 -18.7231996222441 0.001 18.7231996222441 4.76500297842239 "5_48"
"283" 8 13.6006006006006 11.95 15 -5.10402449647213 0.001 4.5 9.07327128993796 8.46666666666667 9.90045454545455 -12.4483527626338 0.001 12.4483527626338 3.67216413308082 "5_5"
"284" 4 8.97597597597598 7 10 -5.51848384316597 0.001 2.75 5.59816920094698 5.22222222222222 6.25 -11.9947023709798 0.001 11.9947023709798 3.23810926390692 "5_6"
"285" 5 8.14114114114114 6 9 -3.73175032840707 0.0025 3 6.08784776840332 5.44444444444444 6.85714285714286 -9.17541584952312 0.001 9.17541584952312 2.72183276055802 "5_7"
"286" 4 7.88288288288288 7 8 -11.7331561526919 0.001 2.5 4.48286381619715 4.14285714285714 4.57142857142857 -26.8803884252858 0.001 26.8803884252858 7.57361613629697 "5_8"
"287" 5 6.5985985985986 5 8 -1.64539615807368 0.0695 3 6.85260736927404 6 8 -8.29862604861346 0.001 8.29862604861346 3.32661494526989 "5_9"
"288" 2 4 4 4 -2e+05 0.001 1.5 2.5 2.5 2.5 -1e+05 0.001 1e+05 -50000 "6_1"
"289" 4 7.998998998999 8 8 -126.396206434374 0.001 2.5 4.4999284999285 4.5 4.5 -884.963276639775 0.001 884.963276639775 379.2835351027 "6_10"
"290" 5 11.961961961962 11 12 -35.4208575871744 0.001 3.8 6.4967967967968 6.49772727272727 6.5 -59.4368605739584 0.001 59.4368605739584 12.008001493392 "6_11"
"291" 6 13.7927927927928 13 14 -17.4907033504701 0.001 4 7.4957264957265 7.23076923076923 7.69230769230769 -42.8706310831991 0.001 42.8706310831991 12.6899638663645 "6_12"
"292" 7 15.9199199199199 15 16 -32.4103506969533 0.001 4 8.49478049478049 8.33333333333333 8.5 -83.305390758582 0.001 83.305390758582 25.4475200308144 "6_13"
"293" 4 9.79379379379379 9 10 -12.5258578015392 0.001 3 5.49767028933696 5.22222222222222 5.75 -30.0182906613671 0.001 30.0182906613671 8.74621642991396 "6_14"
"294" 7 6.36636636636637 4 9 0.577387708636292 0.293 4 10.9354449687783 9.75 12.5 -10.343964683166 0.001 10.343964683166 5.46067619590114 "6_15"
"295" 5 13.6386386386386 11 15.05 -7.97656415851717 0.001 4 8.94764957542735 8.26666666666667 9.83333333333333 -12.3176315566907 0.001 12.3176315566907 2.17053369908677 "6_16"
"296" 4 9.63963963963964 8 10 -10.1473070844281 0.001 2.75 5.55603420881199 5.44444444444444 5.88888888888889 -23.0870771243313 0.001 23.0870771243313 6.46988501995163 "6_17"
"297" 5 8.00900900900901 6 10 -3.35052367517247 0.0035 3 5.97056143445032 5.28571428571429 6.71428571428571 -8.28188207979553 0.001 8.28188207979553 2.46567920231153 "6_18"
"298" 1 3.06906906906907 2 4 -3.68734276528329 0.001 1 2.7640974307641 2.33333333333333 3.5 -6.23446446587397 0.001 6.23446446587397 1.27356085029534 "6_19"
"299" 5 11.7727727727728 11 12 -15.0015305460481 0.001 3.2 6.52433342433342 6.36363636363636 6.90909090909091 -33.8793530198731 0.001 33.8793530198731 9.43891123691248 "6_2"
"300" 4 13.982982982983 14 14 -77.1486162668906 0.001 3.25 7.5007315007315 7.5 7.5 -275.471887375867 0.001 275.471887375867 99.1616355544883 "6_20"
"301" 2 3.997997997998 4 4 -44.6766382353241 0.001 1.5 2.49966633299967 2.5 2.5 -134.119447047126 0.001 134.119447047126 44.7214044059007 "6_21"
"302" 3 6.68968968968969 5 8 -5.22427473840895 0.001 2.33333333333333 4.91802755136088 4.5 5.5 -9.78029526680957 0.001 9.78029526680957 2.27801026420031 "6_22"
"303" 2 9.34334334334334 8 10 -9.86290783277276 0.001 3.5 5.53832801055023 5.22222222222222 6 -11.9514434881039 0.001 11.9514434881039 1.04426782766556 "6_23"
"304" 5 9.8038038038038 9 10 -11.3256520478311 0.001 3 5.51279056834612 5.33333333333333 5.77777777777778 -31.0383161560509 0.001 31.0383161560509 9.85633205410992 "6_24"
"305" 6 11.1571571571572 9 12 -6.5203335462226 0.001 3.5 6.64069119624675 6.36363636363636 7.2 -14.784762096603 0.001 14.784762096603 4.13221427519021 "6_25"
"306" 3 5.96396396396396 5 6 -15.4557173494605 0.001 2 3.5004004004004 3.5 3.5 -81.3083778693936 0.001 81.3083778693936 32.9263302599665 "6_26"
"307" 2 3.996996996997 4 4 -36.4783452982697 0.001 1.5 2.4994994994995 2.5 2.5 -109.544745203977 0.001 109.544745203977 36.5331999528536 "6_27"
"308" 5 9.66866866866867 8 10 -8.85646526097626 0.001 3 5.51655822489156 5.33333333333333 5.77777777777778 -27.7719821715512 0.001 27.7719821715512 9.45775845528746 "6_28"
"309" 5 11.6806806806807 10 12 -12.2435544614056 0.001 3.2 6.4852357407913 6.09090909090909 6.81818181818182 -25.4157540074338 0.001 25.4157540074338 6.58609977301413 "6_29"
"310" 3 7.86286286286286 7 8 -13.3604629452213 0.001 2 4.51885218551885 4.42857142857143 4.85714285714286 -33.6288079388799 0.001 33.6288079388799 10.1341724968293 "6_3"
"311" 3 6 6 6 -3e+05 0.001 2 3.5 3.5 3.5 -150000 0.001 150000 -75000 "6_30"
"312" 4 7.998998998999 8 8 -126.396206434374 0.001 2.5 4.5003575003575 4.5 4.5 -177.030621647785 0.001 177.030621647785 25.3172076067051 "6_31"
"313" 3 5.995995995996 6 6 -47.4184886020475 0.001 2 3.4993993993994 3.5 3.5 -106.013021976161 0.001 106.013021976161 29.2972666870569 "6_32"
"314" 3 5.98398398398398 6 6 -23.7578837155349 0.001 2 3.4997997997998 3.5 3.5 -118.465780084645 0.001 118.465780084645 47.3539481845552 "6_33"
"315" 4 7.58258258258258 6 8 -6.05881941783638 0.001 2.5 4.52462462462462 4.28571428571429 4.85714285714286 -15.9309399516456 0.001 15.9309399516456 4.93606026690463 "6_34"
"316" 3 5.75875875875876 5 6 -5.8643463959313 0.0015 2 3.50595595595596 3.2 3.8 -13.3147205629965 0.001 13.3147205629965 3.72518708353261 "6_35"
"317" 5 9.98998998998999 10 10 -50.1013632810405 0.001 3 5.49988877766656 5.5 5.5 -186.663522505221 0.001 186.663522505221 68.28107961209 "6_36"
"318" 4 9.75275275275275 9 10 -12.3106940995604 0.001 2.75 5.51782337893449 5.33333333333333 5.77777777777778 -32.6917364642815 0.001 32.6917364642815 10.1905211823606 "6_37"
"319" 3 7.98398398398398 8 8 -39.681483736883 0.001 2.33333333333333 4.500429000429 4.5 4.5 -138.392914698997 0.001 138.392914698997 49.3557154810572 "6_38"
"320" 1 5.995995995996 6 6 -79.0730626838687 0.001 2 3.5 3.5 3.5 -236.93353498397 0.001 236.93353498397 78.9302361500504 "6_39"
"321" 5 9.81381381381381 9 10 -11.0509520124506 0.001 3 5.50002581947026 5.33333333333333 5.66666666666667 -47.9440414283592 0.001 47.9440414283592 18.4465447079543 "6_4"
"322" 2 5.98498498498498 6 6 -32.7515248975498 0.001 2.5 3.4982982982983 3.5 3.5 -35.5474690318028 0.001 35.5474690318028 1.39797206712652 "6_40"
"323" 3 7.89089089089089 7 8 -15.3660556896186 0.001 3 4.51303684637018 4.42857142857143 4.71428571428571 -24.1653220280947 0.001 24.1653220280947 4.39963316923807 "6_41"
"324" 8 8.51551551551552 6 11 -0.411340924056206 0.344 4.5 11.594824817047 10.1990909090909 13.3333333333333 -9.13974885946778 0.001 9.13974885946778 4.36420396770579 "6_42"
"325" 7 8.65865865865866 6 11 -1.16224062623425 0.1325 4 10.536020783243 8.99545454545455 12.2857142857143 -7.65134101421162 0.001 7.65134101421162 3.24455019398869 "6_43"
"326" 10 6.06906906906907 4 8 3.74044898484973 0 5.5 17.0562026312026 15.4972222222222 18.5 -15.6926586849802 0.001 15.6926586849802 9.71655383491497 "6_44"
"327" 7 12.1321321321321 10 14 -5.28091198400548 0.001 4 7.89027648472093 7.33333333333333 8.54545454545454 -11.7577044184956 0.001 11.7577044184956 3.23839621724507 "6_45"
"328" 8 13.3553553553554 11 15 -4.8780700883539 0.001 4.5 9.0703280369947 8.35714285714286 9.91666666666667 -11.0494915064938 0.001 11.0494915064938 3.08571070906995 "6_46"
"329" 5 6.34334334334334 5 8 -1.45114234074346 0.0995 3 7.1452380952381 6.42857142857143 8 -8.76952913379513 0.001 8.76952913379513 3.65919339652584 "6_47"
"330" 7 10.5335335335335 8 13 -2.91483989572763 0.004 4.57142857142857 10.6298484465151 9.5 12 -9.61226768409132 0.001 9.61226768409132 3.34871389418185 "6_48"
"331" 4 11.3293293293293 10 12 -10.0513676016609 0.001 3.75 6.55956714290048 6.27272727272727 6.90909090909091 -16.6303766109484 0.001 16.6303766109484 3.28950450464376 "6_5"
"332" 8 14.978978978979 13 16 -7.81174947227939 0.001 4.5 8.60599885599886 8.26666666666667 9.14340659340659 -17.7468599357982 0.001 17.7468599357982 4.9675552317594 "6_6"
"333" 5 11.960960960961 11 12 -35.9210723238942 0.001 3.6 6.5003185003185 6.5 6.5 -120.689564778231 0.001 120.689564778231 42.3842462271686 "6_7"
"334" 5 9.97297297297297 9 10 -30.6513141417162 0.001 3 5.4984984984985 5.5 5.5 -128.486184456337 0.001 128.486184456337 48.9174351573104 "6_8"
"335" 5 9.97197197197197 9 10 -30.1084262580286 0.001 3 5.49688577466355 5.5 5.5 -87.2423906329663 0.001 87.2423906329663 28.5669821874688 "6_9"
"336" 6 8.03503503503504 6 10 -1.87808513071554 0.044 3.5 7.94220887554221 7 9 -8.81350808540748 0.001 8.81350808540748 3.46771147734597 "7_1"
"337" 6 8.30730730730731 6 11 -1.73222193569567 0.0455 6 15.1047522630856 13.3636363636364 17.1666666666667 -9.38184539963523 0.001 9.38184539963523 3.82481173196978 "7_10"
"338" 9 5.61561561561562 4 8 3.20276521971638 0.004 5.22222222222222 17.2076711632267 15.4285714285714 18.5 -13.6613000697067 0.001 13.6613000697067 8.43203264471153 "7_11"
"339" 8 7.20820820820821 4.95 10 0.556174807494822 0.301 4.5 11.9787301370635 10.3744318181818 14 -8.30136009264028 0.001 8.30136009264028 4.42876745006755 "7_12"
"340" 7 15.9099099099099 15 16 -30.7311342035945 0.001 4.14285714285714 8.49451832785166 8.33333333333333 8.5 -97.6614665450505 0.001 97.6614665450505 33.465166170728 "7_13"
"341" 9 15.9169169169169 14 18 -6.44331336181925 0.001 5 9.75824206829109 9.125 10.5333333333333 -13.0773239028724 0.001 13.0773239028724 3.31700527052658 "7_14"
"342" 7 11.3483483483483 9 14 -3.19482883537216 0.0025 4.57142857142857 11.8845740179074 10.6428571428571 13.5 -10.1484854237752 0.001 10.1484854237752 3.4768282942015 "7_15"
"343" 8 4.90590590590591 4 7 3.89690580036025 0.001 4.75 15.8968110968111 14.5 16.5 -19.4344169898858 0.001 19.4344169898858 11.665661395123 "7_16"
"344" 7 7.10510510510511 5 10 -0.0825987063675316 0.4815 5.42857142857143 14.1455485427708 12.4258928571429 16 -9.50807741829513 0.001 9.50807741829513 4.7127393559638 "7_17"
"345" 9 9.51751751751752 7 12 -0.382026570351666 0.35 5.55555555555556 14.2622544094766 12.4615384615385 16.125 -9.62763315639786 0.001 9.62763315639786 4.6228032930231 "7_18"
"346" 6 7.18418418418418 5 9 -1.10309982697279 0.1555 3.5 8.41347220236109 7.5 9.6 -8.97973120242851 0.001 8.97973120242851 3.93831568772786 "7_19"
"347" 10 17.6436436436436 15 20 -6.92143182076637 0.001 5.5 10.9668694174542 10.3888888888889 11.7647058823529 -15.3865649826387 0.001 15.3865649826387 4.23256658093615 "7_2"
"348" 5 8.97397397397397 6 11 -3.13140085525625 0.0025 4.4 9.34722301666746 8.27272727272727 10.6690476190476 -7.81387470424622 0.001 7.81387470424622 2.34123692449498 "7_20"
"349" 3 7.67367367367367 6 8 -8.58733686928992 0.001 2.33333333333333 4.54070737404071 4.42857142857143 4.83333333333333 -22.1562682724128 0.001 22.1562682724128 6.78446570156143 "7_21"
"350" 9 16.98998998999 15 18 -8.79375336204694 0.001 5 9.61784343867677 9.29411764705882 10.1875 -20.3036746087703 0.001 20.3036746087703 5.75496062336166 "7_22"
"351" 9 12.2492492492492 10 15 -2.319199294897 0.014 5.44444444444444 13.4337832990611 12.2 15 -10.7088087175278 0.001 10.7088087175278 4.19480471131538 "7_23"
"352" 7 10.5285285285285 9 12 -3.47170531028243 0.0015 4 8.60172526283637 7.83333333333333 9.5 -10.5657964365308 0.001 10.5657964365308 3.5470455631242 "7_24"
"353" 5 6.23823823823824 4 8 -1.17660187110867 0.142 3 9.02084822918156 7.875 10.5 -9.2026027373437 0.001 9.2026027373437 4.01300043311752 "7_25"
"354" 9 16.8098098098098 15 18 -7.87372223720062 0.001 5 9.63185265366638 9.23529411764706 10.25 -17.5357582940888 0.001 17.5357582940888 4.8310180284441 "7_26"
"355" 7 7.39139139139139 5 10 -0.299358337606868 0.387 4 9.73691873691874 8.42714285714286 11.3333333333333 -7.7439319897153 0.001 7.7439319897153 3.72228682605422 "7_27"
"356" 9 9.96096096096096 7 12 -0.710530583255558 0.251 5 12.2386312886313 10.8172727272727 13.8944444444444 -9.4228988117426 0.001 9.4228988117426 4.35618411424352 "7_28"
"357" 7 14.0800800800801 12 16 -6.80097827257744 0.001 4.14285714285714 8.90755309088642 8.33333333333333 9.61538461538461 -14.3725174846879 0.001 14.3725174846879 3.78576960605522 "7_29"
"358" 7 13.966966966967 13 14 -38.9624477601657 0.001 4 7.4959574959575 7.46153846153846 7.5 -107.767202596261 0.001 107.767202596261 34.4023774180476 "7_3"
"359" 7 13.8968968968969 12 16 -6.17154219056512 0.001 4.71428571428571 8.80782109115443 8.19833333333333 9.61794871794872 -10.7771585227569 0.001 10.7771585227569 2.30280816609587 "7_30"
"360" 7 12.3353353353353 10 14 -4.73209998346386 0.0015 4.14285714285714 9.49503475059031 8.64285714285714 10.4545454545455 -11.8061062205866 0.001 11.8061062205866 3.53700311856136 "7_31"
"361" 6 10.8218218218218 8 13 -3.82219032987357 0.001 5.83333333333333 12.6207884402329 11.3076923076923 14 -9.64148882404796 0.001 9.64148882404796 2.9096492470872 "7_32"
"362" 7 12.956956956957 11 15 -4.81558447230325 0.001 4.85714285714286 11.5921602935492 10.5333333333333 12.8181818181818 -11.4191692000871 0.001 11.4191692000871 3.30179236389192 "7_33"
"363" 8 9.83483483483483 7 12 -1.39693913951073 0.0965 4.5 10.8932306960085 9.81727272727273 12.2901785714286 -9.65601633249501 0.001 9.65601633249501 4.12953859649214 "7_34"
"364" 7 9.92792792792793 8 12 -2.61117829439449 0.0055 4 8.58829529385085 7.66666666666667 9.66666666666667 -9.06718395609831 0.001 9.06718395609831 3.22800283085191 "7_35"
"365" 8 10.9219219219219 8 13 -2.29203113987408 0.0155 4.5 10.5243614604726 9.35714285714286 12 -9.16114949317232 0.001 9.16114949317232 3.43455917664912 "7_36"
"366" 7 9.73973973973974 8 12 -2.45955180062977 0.013 4 9.29698876365543 8.33166666666667 10.5 -9.56901669498503 0.001 9.56901669498503 3.55473244717763 "7_37"
"367" 5 9.76576576576577 9 10 -10.1692376996964 0.001 3 5.53753952365063 5.44444444444444 5.88888888888889 -23.4944306891201 0.001 23.4944306891201 6.66259649471183 "7_38"
"368" 6 10.972972972973 9 12 -5.54652557885867 0.001 3.5 6.70342994509661 6.36363636363636 7.3 -13.0335794854841 0.001 13.0335794854841 3.74352695331269 "7_39"
"369" 6 11.6386386386386 10 12 -10.0437453003566 0.001 3.5 6.5364303697637 6.36363636363636 6.81818181818182 -27.7408297977397 0.001 27.7408297977397 8.84854224869159 "7_4"
"370" 8 11.03003003003 8 14 -2.28356866670927 0.015 4.75 12.3111086472198 11.0769230769231 13.875 -10.7549870712026 0.001 10.7549870712026 4.23570920224667 "7_40"
"371" 6 9.91991991991992 7 12 -3.2435772086281 0.003 3.83333333333333 9.09151052206608 8.08333333333333 10.4285714285714 -9.21004437448026 0.001 9.21004437448026 2.98323358292608 "7_41"
"372" 7 8.28228228228228 6 11 -1.041636273599 0.164 4 9.75783691339247 8.59777777777778 11.1666666666667 -8.6464108482918 0.001 8.6464108482918 3.8023872873464 "7_42"
"373" 8 12.2722722722723 10 15 -3.0722182944536 0.0035 5.625 13.4972098999877 12.1302380952381 15.1 -10.1418392383319 0.001 10.1418392383319 3.53481047193916 "7_43"
"374" 5 7.37137137137137 6 9 -2.66664661072379 0.0095 3 6.40295732240177 5.75 7.2025 -8.98094571369986 0.001 8.98094571369986 3.15714955148804 "7_44"
"375" 6 8.68268268268268 7 11 -2.31136558761097 0.0095 4.66666666666667 11.7493658160325 10.4158333333333 13 -9.97860325321267 0.001 9.97860325321267 3.83361883280085 "7_45"
"376" 6 9.84984984984985 7 12 -3.05828219745402 0.002 4.16666666666667 9.08828796328796 8.1 10.4285714285714 -8.20198692589872 0.001 8.20198692589872 2.57185236422235 "7_46"
"377" 7 8.8028028028028 6 11 -1.49556987794444 0.085 4 9.69537037037037 8.63636363636364 11 -9.23790166310277 0.001 9.23790166310277 3.87116589257916 "7_47"
"378" 5 8.54654654654655 6 11 -3.08895357754436 0.0035 3.2 7.9328137661471 7 9.16666666666667 -8.36388833879744 0.001 8.36388833879744 2.63746738062654 "7_48"
"379" 10 16.3723723723724 14 19 -4.7429876987885 0.001 6.1 12.8944882064765 11.7771241830065 14 -12.0310412947153 0.001 12.0310412947153 3.64402679796341 "7_5"
"380" 5 14.7927927927928 13 16 -10.2322950680745 0.001 4.4 8.63635645302312 8.2 9.23076923076923 -16.0029804669208 0.001 16.0029804669208 2.88534269942313 "7_6"
"381" 8 14.9149149149149 13 16 -8.07542658466256 0.001 4.5 8.62326263992931 8.26666666666667 9.21428571428571 -17.6331585096781 0.001 17.6331585096781 4.77886596250776 "7_7"
"382" 8 14.2642642642643 12 16 -5.79485333086939 0.001 4.875 10.5461325860836 9.70496323529412 11.4615384615385 -12.5126603704721 0.001 12.5126603704721 3.35890351980134 "7_8"
"383" 8 10.4584584584585 8 13 -1.72122039038082 0.055 4.5 11.449939455495 9.90909090909091 12.9 -8.98900099320489 0.001 8.98900099320489 3.63389030141203 "7_9"
"384" 6 13.3443443443443 12 14 -10.0258244468586 0.001 4.33333333333333 7.66390049723383 7.5 8.16666666666667 -16.0050330015167 0.001 16.0050330015167 2.98960427732903 "8_1"
"385" 5 8.95095095095095 7 11 -3.46628661518792 0.0025 3.2 7.64326191270636 7 8.71428571428571 -9.05448115180298 0.001 9.05448115180298 2.79409726830753 "8_10"
"386" 3 7.91591591591592 7 8 -16.850834725464 0.001 2.66666666666667 4.51799418466085 4.5 4.85714285714286 -26.0987715636892 0.001 26.0987715636892 4.62396841911259 "8_11"
"387" 8 13.6776776776777 11 15.05 -5.24328774099214 0.001 4.5 9.07279508946176 8.42857142857143 9.84615384615385 -12.5707906226816 0.001 12.5707906226816 3.66375144084475 "8_12"
"388" 3 7.85785785785786 7 8 -13.4693385890874 0.001 2 4.50555317221984 4.28571428571429 4.71428571428571 -33.2167234625751 0.001 33.2167234625751 9.87369243674383 "8_13"
"389" 5 9.85285285285285 9 10 -12.7152803589408 0.001 3 5.53071126682238 5.5 5.88888888888889 -27.6850661607119 0.001 27.6850661607119 7.48489290088555 "8_14"
"390" 3 5.85985985985986 5 6 -8.03656004198592 0.001 2 3.52932932932933 3.5 3.8 -18.2729004599441 0.001 18.2729004599441 5.11817020897908 "8_15"
"391" 3 5.93593593593594 5 6 -11.7887259548301 0.001 2 3.50540540540541 3.5 3.6 -33.3721362799835 0.001 33.3721362799835 10.7917051625767 "8_16"
"392" 2 7.71171171171171 6 8 -10.6888187582089 0.001 3.5 4.56917870251204 4.5 5 -7.35427607484815 0.001 7.35427607484815 -1.66727134168039 "8_17"
"393" 3 5.51551551551552 4 6 -4.13408556511458 0.002 2 3.57447447447447 3.4 4 -10.5390343759021 0.001 10.5390343759021 3.20247440539375 "8_18"
"394" 5 8.85185185185185 7 10 -4.81725123024904 0.001 3 5.83780208780209 5.44444444444444 6.5 -9.38901211810168 0.001 9.38901211810168 2.28588044392632 "8_19"
"395" 5 7.998998998999 6 9 -3.36014717929673 0.0025 3 6.02234734734735 5.22222222222222 6.85714285714286 -7.86726756482741 0.001 7.86726756482741 2.25356019276534 "8_2"
"396" 4 7.81781781781782 7 8 -9.28194825962369 0.001 2.5 4.54087420754087 4.5 4.85714285714286 -19.3752896541332 0.001 19.3752896541332 5.04667069725474 "8_20"
"397" 2 5.97597597597598 6 6 -25.9527771544134 0.001 2 3.50540540540541 3.5 3.5 -40.0391041901178 0.001 40.0391041901178 7.04316351785219 "8_21"
"398" 3 7.90990990990991 7 8 -16.9347503953074 0.001 3 4.50860384193718 4.42857142857143 4.71428571428571 -29.7513158846979 0.001 29.7513158846979 6.40828274469527 "8_22"
"399" 3 9.67367367367367 8 10 -12.4314702568273 0.001 2.66666666666667 5.57919228752562 5.5 6 -19.0453998030316 0.001 19.0453998030316 3.30696477310219 "8_23"
"400" 6 9.7047047047047 8 11 -4.22347530154434 0.001 3.5 7.39000627611739 6.90909090909091 8.125 -10.9292407829443 0.001 10.9292407829443 3.35288274069998 "8_24"
"401" 4 11.8408408408408 11 12 -20.3820063697346 0.001 2.5 6.52346892346892 6.45454545454545 6.81818181818182 -48.7437700413517 0.001 48.7437700413517 14.1808818358085 "8_25"
"402" 2 9.91491491491491 9 10 -27.6516117424224 0.001 4 5.5174619063508 5.5 5.77777777777778 -22.4388230263775 0.001 22.4388230263775 -2.60639435802247 "8_26"
"403" 5 10.1241241241241 9 11 -6.38574603454778 0.001 3.6 7.21287835454502 6.54545454545455 8 -10.8483801432454 0.001 10.8483801432454 2.2313170543488 "8_27"
"404" 4 7.6956956956957 6 8 -7.11195411155443 0.001 2.5 4.57288240621574 4.5 4.85714285714286 -14.8806598338488 0.001 14.8806598338488 3.88435286114719 "8_28"
"405" 2 3.91191191191191 3 4 -6.7424132783292 0.001 1.5 2.51468134801468 2.5 2.66666666666667 -21.4698207114127 0.001 21.4698207114127 7.36370371654175 "8_29"
"406" 4 11.5975975975976 10 12 -12.899015209609 0.001 3.25 6.54266084266084 6.36363636363636 6.81818181818182 -28.6443733364508 0.001 28.6443733364508 7.87267906342092 "8_3"
"407" 6 13.6236236236236 12 14 -12.7201651108389 0.001 4.16666666666667 7.53627928627929 7.30769230769231 7.92307692307692 -25.6050751550578 0.001 25.6050751550578 6.44245502210945 "8_30"
"408" 4 8.13113113113113 7 9 -5.41984633170478 0.001 3.25 6.29128930517819 5.88888888888889 7 -9.51964380164721 0.001 9.51964380164721 2.04989873497122 "8_31"
"409" 5 9.03303303303303 7 11 -3.65983816288266 0.002 3.4 7.61624203568648 6.9 8.66904761904762 -8.8506147689804 0.001 8.8506147689804 2.59538830304887 "8_32"
"410" 3 8 8 8 -5e+05 0.001 2.33333333333333 4.5 4.5 4.5 -216666.666666667 0.001 216666.666666667 -141666.666666667 "8_33"
"411" 4 9.13813813813814 8 10 -6.68862195496473 0.001 3.25 5.70432932932933 5.44444444444444 6.25 -10.3708647761939 0.001 10.3708647761939 1.8411214106146 "8_34"
"412" 4 7.53653653653654 6 8 -5.58325524505873 0.001 2.5 4.58140521473855 4.42857142857143 5 -12.9122141125077 0.001 12.9122141125077 3.66447943372451 "8_35"
"413" 2 5.57757757757758 4 6 -6.2240060134358 0.001 1.5 3.56146146146146 3.4 4 -14.5380850576927 0.001 14.5380850576927 4.15703952212847 "8_36"
"414" 1 2 2 2 -1e+05 0.001 1 1.5 1.5 1.5 -50000 0.001 50000 -25000 "8_37"
"415" 7 13.1451451451451 11.95 14 -7.63829865824419 0.001 4 7.7287338620672 7.5 8.33333333333333 -14.9249102111127 0.001 14.9249102111127 3.64330577643427 "8_38"
"416" 5 9.75675675675676 9 10 -10.2272305987462 0.001 3 5.55658436213992 5.5 5.88888888888889 -20.4387081721858 0.001 20.4387081721858 5.10573878671977 "8_39"
"417" 7 10.7317317317317 8 13 -2.83754131422398 0.003 4 10.2924701035812 9.18106060606061 11.6708333333333 -9.71952069609258 0.001 9.71952069609258 3.4409896909343 "8_4"
"418" 5 11.9209209209209 11 12 -24.9564137635647 0.001 3.4 6.5034034034034 6.45454545454545 6.60181818181818 -71.2032197801952 0.001 71.2032197801952 23.1234030083152 "8_40"
"419" 5 9.95395395395395 9 10 -23.1045026861221 0.001 3 5.50861973084195 5.5 5.66666666666667 -52.4056219598135 0.001 52.4056219598135 14.6505596368457 "8_41"
"420" 2 7.93893893893894 7 8 -24.3689794091834 0.001 3.5 4.51113017779684 4.5 4.71428571428571 -19.1642972475807 0.001 19.1642972475807 -2.60234108080136 "8_42"
"421" 3 6.1041041041041 5 7 -4.01957257894605 0.001 3 5.36576576576577 5 6 -6.56465142659251 0.001 6.56465142659251 1.27253942382323 "8_43"
"422" 2 3.97997997997998 4 4 -14.1287086656826 0.001 1.5 2.50333667000334 2.5 2.5 -42.9575601190168 0.001 42.9575601190168 14.4144257266671 "8_44"
"423" 4 7.88688688688689 7 8 -12.0280534961042 0.001 2.5 4.51377568044235 4.42857142857143 4.71428571428571 -30.6500235140801 0.001 30.6500235140801 9.31098500898795 "8_45"
"424" 4 7.90790790790791 7 8 -12.765559806481 0.001 2.5 4.51851851851852 4.5 4.85714285714286 -27.555481458406 0.001 27.555481458406 7.3949608259625 "8_46"
"425" 0 2 2 2 -2e+05 0.001 NA 1.5 1.5 1.5 NA 0 NA NA "8_47"
"426" 6 13.5685685685686 12 14 -11.9691608001211 0.001 3.66666666666667 7.59138684138684 7.5 8.08333333333333 -23.4678708233873 0.001 23.4678708233873 5.7493550116331 "8_48"
"427" 6 11.955955955956 11 12 -29.0115857890726 0.001 3.5 6.49726999727 6.45 6.5 -82.3169703873211 0.001 82.3169703873211 26.6526922991242 "8_5"
"428" 4 9.24624624624625 8 10 -6.86154650975246 0.001 3.5 5.66433695600362 5.44444444444444 6.25 -9.82654460782692 0.001 9.82654460782692 1.48249904903723 "8_6"
"429" 4 5.38538538538539 3 7 -1.42549605883448 0.103 2.5 5.50161828495162 4.83333333333333 6.5 -6.70809133263305 0.001 6.70809133263305 2.64129763689929 "8_7"
"430" 4 9.43243243243243 8 10 -7.5463142217964 0.001 2.75 5.55688823744379 5.22222222222222 6 -15.3138819886825 0.001 15.3138819886825 3.88378388344305 "8_8"
"431" 2 5.70870870870871 4 6 -7.04935277015729 0.001 1.5 3.53348348348348 3.4 3.8 -19.780242726739 0.001 19.780242726739 6.36544497829087 "8_9"
"432" 5 15.7197197197197 15 16 -21.5249533049822 0.001 4 8.53273749940417 8.4 8.86666666666667 -44.0097912545312 0.001 44.0097912545312 11.2424189747745 "9_1"
"433" 4 9.995995995996 10 10 -94.9003497247793 0.001 3 5.50044488933378 5.5 5.5 -237.186836427024 0.001 237.186836427024 71.1432433511225 "9_10"
"434" 5 13.7627627627628 13 14 -18.5469848860755 0.001 3.6 7.52797027797028 7.46153846153846 7.84615384615385 -39.7685444170546 0.001 39.7685444170546 10.6107797654895 "9_11"
"435" 3 5.94094094094094 5 6 -12.4693663691157 0.001 2 3.49349349349349 3.4 3.5 -29.5592768478694 0.001 29.5592768478694 8.54495523937685 "9_12"
"436" 4 9.97897897897898 10 10 -41.6577650780969 0.001 2.5 5.49905461016572 5.5 5.5 -163.563344456714 0.001 163.563344456714 60.9527896893085 "9_13"
"437" 9 15.8938938938939 13 18 -5.4951044351229 0.001 5.66666666666667 11.43823909843 10.4444444444444 12.5714285714286 -10.8015772259724 0.001 10.8015772259724 2.65323639542474 "9_14"
"438" 4 10.6956956956957 9 12 -7.22347324689489 0.001 3 6.7785711035711 6.36363636363636 7.4 -13.5611223665975 0.001 13.5611223665975 3.16882455985128 "9_15"
"439" 2 7.68068068068068 6 8 -10.7030249856902 0.001 2.5 4.55429238762572 4.42857142857143 4.85714285714286 -15.9308641017536 0.001 15.9308641017536 2.61391955803168 "9_16"
"440" 5 13.962962962963 13 14 -47.4363449499097 0.001 3.4 7.49449449449449 7.38461538461539 7.5 -112.824322052309 0.001 112.824322052309 32.6939885511995 "9_17"
"441" 2 5.996996996997 6 6 -73.0115452511233 0.001 1.5 3.5001001001001 3.5 3.5 -190.519933373519 0.001 190.519933373519 58.7541940611978 "9_18"
"442" 5 11.8848848848849 11 12 -21.1493787906793 0.001 3.6 6.5016653016653 6.36363636363636 6.63636363636364 -44.9035071597669 0.001 44.9035071597669 11.8770641845438 "9_19"
"443" 1 7.99399399399399 8 8 -90.473839330585 0.001 1 4.500286000286 4.5 4.5 -330.174582860777 0.001 330.174582860777 119.850371765096 "9_2"
"444" 6 9.48448448448448 8 11 -3.88336574325251 0.001 3.5 7.4218786968787 6.9 8.25 -10.967996603598 0.001 10.967996603598 3.54231543017274 "9_20"
"445" 5 9.91891891891892 9 10 -18.0116636619444 0.001 3 5.50739628517406 5.44444444444444 5.66666666666667 -56.3911147217364 0.001 56.3911147217364 19.189725529896 "9_21"
"446" 6 11.982982982983 12 12 -46.2365666727369 0.001 3.5 6.4980434980435 6.5 6.5 -153.965504154883 0.001 153.965504154883 53.8644687410729 "9_22"
"447" 2 8 8 8 -6e+05 0.001 3.5 4.5 4.5 4.5 -1e+05 0.001 1e+05 -250000 "9_23"
"448" 2 5.998998998999 6 6 -126.396206434374 0.001 1.5 3.5001001001001 3.5 3.5 -632.170863771022 0.001 632.170863771022 252.887328668324 "9_24"
"449" 2 4 4 4 -2e+05 0.001 1.5 2.5 2.5 2.5 -1e+05 0.001 1e+05 -50000 "9_25"
"450" 2 5.69169169169169 4 6 -7.00678254734849 0.001 2 3.54414414414414 3.4 3.8 -13.0591685388237 0.001 13.0591685388237 3.02619299573762 "9_26"
"451" 6 15.981981981982 16 16 -75.0056605541889 0.001 5 8.5004004004004 8.5 8.5 -260.759441345693 0.001 260.759441345693 92.8768903957521 "9_27"
"452" 2 5.998998998999 6 6 -126.396206434374 0.001 2 3.5001001001001 3.5 3.5 -474.136057478231 0.001 474.136057478231 173.869925521928 "9_28"
"453" 3 8 8 8 -5e+05 0.001 2 4.5 4.5 4.5 -250000 0.001 250000 -125000 "9_29"
"454" 6 11.994994994995 12 12 -84.9099617513913 0.001 3.5 6.4997724997725 6.5 6.5 -342.864346609317 0.001 342.864346609317 128.977192428963 "9_3"
"455" 2 9.96896896896897 9 10 -45.9337206506997 0.001 3.5 5.49938827716606 5.5 5.5 -85.9738226052622 0.001 85.9738226052622 20.0200509772813 "9_30"
"456" 5 9.90990990990991 9 10 -16.3598204790684 0.001 3 5.51448670893115 5.5 5.77777777777778 -38.3675311383328 0.001 38.3675311383328 11.0038553296322 "9_31"
"457" 1 2 2 2 -1e+05 0.001 1 1.5 1.5 1.5 -50000 0.001 50000 -25000 "9_32"
"458" 2 7.7027027027027 7 8 -11.5640163111198 0.001 2 4.55324371991039 4.42857142857143 5 -19.2520314774391 0.001 19.2520314774391 3.84400758315963 "9_33"
"459" 2 6 6 6 -4e+05 0.001 2 3.5 3.5 3.5 -150000 0.001 150000 -125000 "9_34"
"460" 2 8 8 8 -6e+05 0.001 1.5 4.5 4.5 4.5 -3e+05 0.001 3e+05 -150000 "9_35"
"461" 2 6 6 6 -4e+05 0.001 1.5 3.5 3.5 3.5 -2e+05 0.001 2e+05 -1e+05 "9_36"
"462" 2 4 4 4 -2e+05 0.001 1.5 2.5 2.5 2.5 -1e+05 0.001 1e+05 -50000 "9_37"
"463" 3 6 6 6 -3e+05 0.001 2 3.5 3.5 3.5 -150000 0.001 150000 -75000 "9_38"
"464" 5 9.4024024024024 8 10 -6.18129188671356 0.001 3 5.58472957084068 5.33333333333333 6 -15.1760387917335 0.001 15.1760387917335 4.49737345250996 "9_39"
"465" 4 7.998998998999 8 8 -126.396206434374 0.001 2.5 4.4999284999285 4.5 4.5 -884.963276639775 0.001 884.963276639775 379.2835351027 "9_4"
"466" 5 11.7827827827828 11 12 -15.3107343354161 0.001 3.6 6.51698971698972 6.36363636363636 6.81818181818182 -37.4149656733444 0.001 37.4149656733444 11.0521156689642 "9_40"
"467" 3 5.998998998999 6 6 -94.7892451758162 0.001 2 3.5001001001001 3.5 3.5 -474.136057478231 0.001 474.136057478231 189.673406151207 "9_41"
"468" 4 11.9169169169169 11 12 -27.6018966034436 0.001 4 6.49213759213759 6.27272727272727 6.5 -40.6057452715076 0.001 40.6057452715076 6.501924334032 "9_42"
"469" 2 8.52452452452452 7 10 -7.82890082085001 0.001 4.5 5.85395514562181 5.33333333333333 6.5 -4.22069512791426 0.001 4.22069512791426 -1.80410284646788 "9_43"
"470" 3 9.995995995996 10 10 -110.72763676569 0.001 3.33333333333333 5.49977755533311 5.5 5.5 -617.200822074832 0.001 617.200822074832 253.236592654571 "9_44"
"471" 2 4 4 4 -2e+05 0.001 1.5 2.5 2.5 2.5 -1e+05 0.001 1e+05 -50000 "9_45"
"472" 6 8.67267267267267 7 10 -3.04281706987466 0.004 3.5 7.78061633061633 7 8.71428571428571 -10.1703273628122 0.001 10.1703273628122 3.56375514646878 "9_46"
"473" 2 7.99199199199199 8 8 -67.1950711756802 0.001 3.5 4.500429000429 4.5 4.5 -78.2616973498343 0.001 78.2616973498343 5.53331308707702 "9_47"
"474" 2 5.99199199199199 6 6 -44.7667797942888 0.001 2 3.4997997997998 3.5 3.5 -167.556885009451 0.001 167.556885009451 61.3950526075813 "9_48"
"475" 3 5.74374374374374 5 6 -5.68580881652889 0.001 2 3.53053053053053 3.4 3.8 -16.0824210193132 0.001 16.0824210193132 5.19830610139217 "9_5"
"476" 5 8.96696696696697 7 11 -3.323439782936 0.0015 3.8 9.5329202940314 8.5 10.8571428571429 -9.251856486003 0.001 9.251856486003 2.9642083515335 "9_6"
"477" 4 9.98798798798799 10 10 -54.938871694713 0.001 3.25 5.50133466800134 5.5 5.5 -140.163144080476 0.001 140.163144080476 42.6121361928817 "9_7"
"478" 4 9.86686686686687 9 10 -16.8287984766983 0.001 3 5.50290568346124 5.22222222222222 5.77777777777778 -29.9793153871674 0.001 29.9793153871674 6.57525845523453 "9_8"
"479" 5 9.997997997998 10 10 -111.758744844175 0.001 3 5.49944388833278 5.5 5.5 -186.785113539829 0.001 186.785113539829 37.5131843478268 "9_9"
